																																																									75,1																																								
																																																								74,2	75,2																								99,2	100,2															
																																																								74,3	75,3																				95,3	96,3	97,3	98,3	99,3	100,3	101,3														
																																																									75,4						81,4												93,4	94,4	95,4	96,4				100,4	101,4														
																																																									75,5									84,5	85,5								93,5							100,5	101,5														
																																																								74,6	75,6					80,6		82,6	83,6	84,6	85,6	86,6							93,6						99,6	100,6	101,6														
																																																								74,7	75,7				79,7		81,7	82,7			85,7	86,7							93,7						99,7	100,7	101,7														
																																																								74,8	75,8			78,8	79,8	80,8	81,8				85,8	86,8							93,8						99,8	100,8															
																																																									75,9	76,9	77,9	78,9	79,9						85,9	86,9							93,9						99,9	100,9															
																																																								74,10	75,10	76,10	77,10	78,10								86,10	87,10						93,10					98,10	99,10	100,10															
																																																						72,11	73,11	74,11			77,11	78,11								86,11	87,11						93,11					98,11	99,11	100,11															
																																																					71,12	72,12					77,12	78,12								86,12	87,12						93,12					98,12	99,12	100,12															
																																																				70,13	71,13						77,13	78,13								86,13	87,13						93,13					98,13	99,13																
																																										60,14	61,14	62,14								70,14								78,14								86,14	87,14						93,14					98,14	99,14																
																																								58,15	59,15				63,15	64,15						70,15								78,15								86,15	87,15						93,15					98,15	99,15																
																																							57,16	58,16						64,16	65,16					70,16								78,16								86,16	87,16						93,16					98,16	99,16																
																																						56,17	57,17								65,17	66,17				70,17					75,17			78,17									87,17	88,17					93,17					98,17	99,17																
																							41,18	42,18	43,18	44,18	45,18										55,18	56,18										66,18	67,18			70,18								78,18			81,18						87,18	88,18					93,18					98,18	99,18																
																						40,19	41,19				45,19	46,19									55,19											66,19	67,19			70,19								78,19			81,19						87,19	88,19					93,19					98,19	99,19																
																					39,20							46,20	47,20							54,20	55,20											66,20	67,20			70,20								78,20			81,20						87,20	88,20	89,20				93,20				97,20	98,20	99,20																
																				38,21									47,21	48,21						54,21													67,21	68,21		70,21						76,21					81,21							88,21	89,21	90,21	91,21	92,21	93,21	94,21	95,21	96,21	97,21	98,21	99,21																
																			37,22	38,22										48,22	49,22				53,22	54,22													67,22	68,22		70,22						76,22					81,22							88,22	89,22				93,22	94,22	95,22	96,22	97,22	98,22																	
																		36,23	37,23											48,23	49,23				53,23							60,23	61,23						67,23	68,23		70,23						76,23					81,23	82,23						88,23	89,23					94,23	95,23	96,23	97,23	98,23	99,23																
							25,24	26,24	27,24	28,24	29,24							36,24	37,24											48,24	49,24				53,24						59,24	60,24	61,24	62,24					67,24	68,24		70,24						76,24					81,24	82,24						88,24	89,24					94,24	95,24	96,24	97,24	98,24		100,24	101,24	102,24	103,24												
					23,25	24,25	25,25					30,25						36,25													49,25	50,25		52,25	53,25						59,25	60,25	61,25	62,25	63,25				67,25	68,25		70,25						76,25					81,25	82,25						88,25	89,25				93,25	94,25				98,25	99,25							106,25	107,25	108,25	109,25						
				22,26	23,26							30,26	31,26				35,26	36,26													49,26	50,26		52,26	53,26					58,26	59,26	60,26		62,26	63,26				67,26	68,26		70,26						76,26					81,26	82,26							89,26	90,26			93,26					98,26	99,26	100,26										110,26			113,26		
		20,27	21,27									30,27	31,27				35,27							42,27	43,27	44,27					49,27	50,27		52,27						58,27	59,27	60,27			63,27				67,27	68,27		70,27						76,27	77,27				81,27	82,27						88,27	89,27	90,27		92,27	93,27					98,27	99,27	100,27						106,27									
	19,28	20,28										30,28	31,28				35,28						41,28	42,28	43,28	44,28					49,28	50,28		52,28						58,28	59,28				63,28				67,28	68,28		70,28						76,28	77,28				81,28	82,28	83,28				87,28	88,28	89,28	90,28		92,28						98,28	99,28	100,28			103,28											114,28	
18,29	19,29											30,29	31,29			34,29	35,29						41,29	42,29	43,29	44,29	45,29				49,29	50,29		52,29						58,29	59,29				63,29				67,29	68,29		70,29						76,29	77,29				81,29	82,29	83,29		85,29	86,29	87,29	88,29	89,29			92,29					97,29	98,29	99,29												111,29	112,29	113,29		
18,30												30,30	31,30			34,30	35,30					40,30	41,30	42,30			45,30				49,30	50,30		52,30						58,30	59,30				63,30				67,30	68,30		70,30						76,30	77,30				81,30	82,30	83,30	84,30	85,30	86,30	87,30	88,30				92,30				96,30	97,30	98,30	99,30									108,30	109,30	110,30	111,30				
18,31							25,31	26,31				30,31	31,31			34,31						40,31	41,31	42,31			45,31				49,31	50,31		52,31					57,31	58,31	59,31				63,31			66,31	67,31	68,31		70,31						76,31	77,31				81,31	82,31	83,31	84,31	85,31	86,31						92,31	93,31	94,31	95,31	96,31	97,31	98,31								106,31	107,31	108,31							
18,32						24,32	25,32	26,32			29,32	30,32	31,32			34,32						40,32	41,32				45,32				49,32	50,32		52,32					57,32	58,32	59,32			62,32	63,32			66,32	67,32	68,32		70,32						76,32	77,32				81,32	82,32		84,32	85,32								93,32	94,32	95,32	96,32	97,32							104,32	105,32										
18,33						24,33	25,33				29,33	30,33	31,33			34,33						40,33	41,33				45,33				49,33	50,33		52,33						58,33	59,33			62,33	63,33			66,33	67,33			70,33						76,33	77,33				81,33	82,33																				102,33	103,33												
18,34						24,34	25,34			28,34	29,34	30,34				34,34						40,34	41,34				45,34				49,34	50,34		52,34						58,34	59,34			62,34				66,34	67,34		69,34	70,34					75,34	76,34	77,34		79,34	80,34	81,34	82,34																			101,34	102,34													
18,35						24,35	25,35			28,35	29,35	30,35	31,35			34,35						40,35	41,35				45,35			48,35	49,35	50,35		52,35						58,35	59,35	60,35	61,35				65,35	66,35	67,35		69,35				73,35	74,35	75,35	76,35	77,35	78,35	79,35	80,35	81,35	82,35																		100,35	101,35														
18,36	19,36					24,36							31,36	32,36		34,36						40,36	41,36			44,36	45,36			48,36	49,36	50,36		52,36	53,36						59,36	60,36					65,36	66,36	67,36		69,36		71,36	72,36	73,36	74,36	75,36	76,36		78,36	79,36	80,36																			99,36	100,36															
18,37	19,37													32,37	33,37	34,37						40,37	41,37			44,37	45,37			48,37	49,37			52,37	53,37											64,37	65,37	66,37			69,37	70,37	71,37	72,37	73,37	74,37				78,37																				98,37	99,37																
18,38	19,38													32,38	33,38	34,38						40,38	41,38		43,38	44,38				48,38	49,38				53,38											64,38	65,38	66,38				70,38	71,38	72,38																									97,38	98,38																	
18,39	19,39								27,39					32,39	33,39	34,39						40,39	41,39	42,39	43,39				47,39	48,39	49,39				53,39	54,39									63,39	64,39	65,39					70,39																											97,39	98,39																	
	19,40						25,40	26,40	27,40					32,40	33,40	34,40	35,40						41,40	42,40					47,40	48,40	49,40					54,40								62,40	63,40	64,40	65,40																																97,40																		
	19,41					24,41	25,41	26,41	27,41				31,41	32,41	33,41	34,41	35,41											46,41	47,41	48,41						54,41	55,41						61,41	62,41	63,41	64,41																																	97,41																		
	19,42					24,42	25,42	26,42					31,42	32,42	33,42		35,42											46,42	47,42	48,42							55,42	56,42	57,42		59,42	60,42	61,42	62,42	63,42															78,42	79,42																		97,42																		
	19,43					24,43	25,43					30,43	31,43	32,43		34,43	35,43	36,43									45,43	46,43	47,43									56,43	57,43	58,43	59,43	60,43	61,43	62,43										72,43	73,43	74,43																							97,43																		
	19,44											30,44	31,44	32,44	33,44			36,44								44,44	45,44	46,44	47,44											58,44	59,44	60,44										70,44	71,44																										97,44	98,44																	
	19,45										29,45	30,45	31,45					36,45	37,45						43,45	44,45	45,45	46,45																						68,45	69,45																													98,45																	
	19,46									28,46	29,46	30,46	31,46						37,46	38,46	39,46	40,46	41,46	42,46	43,46	44,46	45,46																					66,46	67,46	68,46																														98,46	99,46																
		20,47								28,47	29,47	30,47									39,47	40,47	41,47	42,47	43,47	44,47																					65,47	66,47																																	99,47	100,47															
		20,48							27,48	28,48	29,48											40,48	41,48																							64,48	65,48																																			100,48															
		20,49						26,49	27,49	28,49	29,49																																	62,49	63,49		65,49																																				101,49														
		20,50					25,50	26,50	27,50	28,50																																	61,50	62,50			65,50																																																		
		20,51			23,51	24,51	25,51	26,51	27,51																																	60,51	61,51				65,51																																																		
		20,52	21,52	22,52	23,52	24,52	25,52																																			60,52					65,52																																																		
		20,53	21,53	22,53	23,53	24,53																																			59,53						65,53																																																		
			21,54	22,54																																				58,54							65,54																																																		
																																							57,55	58,55							65,55	66,55																																																	