0,14,35,119,33,119,34,119,35,119,36,119,37,																																																																																																																				
																																																																																																																						
																																																																																																																						
																																																																																																																						
																																																																																																																						
																																																																																																																						
																																																																																																																						
																																																																																																																						
																																																																																																																						
																																																																																																																						
																																																																																																																						
																																																																																																																						
																																																																																																																						
																																																																																																																						
																																																																																																																						
																																																																																																																						
													14,17	15,17	16,17	17,17	18,17	19,17	20,17	21,17	22,17	23,17	24,17	25,17	26,17	27,17	28,17	29,17	30,17	31,17	32,17	33,17	34,17	35,17	36,17	37,17	38,17	39,17	40,17	41,17	42,17	43,17	44,17	45,17	46,17	47,17	48,17	49,17	50,17	51,17	52,17	53,17	54,17	55,17	56,17	57,17	58,17	59,17	60,17	61,17	62,17	63,17	64,17	65,17	66,17	67,17	68,17	69,17	70,17	71,17	72,17	73,17	74,17	75,17	76,17	77,17	78,17	79,17	80,17	81,17	82,17	83,17	84,17	85,17	86,17	87,17	88,17	89,17	90,17	91,17	92,17	93,17	94,17	95,17	96,17	97,17	98,17	99,17	100,17	101,17	102,17	103,17	104,17	105,17	106,17	107,17	108,17	109,17	110,17	111,17	112,17	113,17	114,17	115,17	116,17	117,17	118,17	119,17
													14,18																																																																																																									119,18
													14,19																																																																																																									119,19
													14,20																																																																																																									119,20
													14,21																																																																																																									119,21
													14,22																																																																																																									119,22
													14,23																																																																																																									119,23
													14,24																																																																																																									119,24
													14,25																																																																																																									119,25
													14,26																																																																																																									119,26
													14,27																																																		64,27																																																							119,27
													14,28																																																		64,28																																																							119,28
													14,29																																																		64,29																																																							119,29
													14,30																																																		64,30																																																							119,30
													14,31																																																		64,31																																																							119,31
													14,32																																																		64,32																																																							119,32
																																																															64,33																																																							
																																																															64,34																																																							
																																																															64,35																																																							
																																																															64,36																																																							
																																																															64,37																																																							
													14,38																																																		64,38																																																							119,38
													14,39																																																		64,39																																																							119,39
													14,40																																																		64,40																																																							119,40
													14,41																																																		64,41																																																							119,41
													14,42																																																		64,42																																																							119,42
													14,43																																																																																																									119,43
													14,44																																																																																																									119,44
													14,45																																																																																																									119,45
													14,46																																																																																																									119,46
													14,47																																																																																																									119,47
													14,48																																																																																																									119,48
													14,49																																																																																																									119,49
													14,50																																																																																																									119,50
													14,51																																																																																																									119,51
													14,52																																																																																																									119,52
													14,53	15,53	16,53	17,53	18,53	19,53	20,53	21,53	22,53	23,53	24,53	25,53	26,53	27,53	28,53	29,53	30,53	31,53	32,53	33,53	34,53	35,53	36,53	37,53	38,53	39,53	40,53	41,53	42,53	43,53	44,53	45,53	46,53	47,53	48,53	49,53	50,53	51,53	52,53	53,53	54,53	55,53	56,53	57,53	58,53	59,53	60,53	61,53	62,53	63,53	64,53	65,53	66,53	67,53	68,53	69,53	70,53	71,53	72,53	73,53	74,53	75,53	76,53	77,53	78,53	79,53	80,53	81,53	82,53	83,53	84,53	85,53	86,53	87,53	88,53	89,53	90,53	91,53	92,53	93,53	94,53	95,53	96,53	97,53	98,53	99,53	100,53	101,53	102,53	103,53	104,53	105,53	106,53	107,53	108,53	109,53	110,53	111,53	112,53	113,53	114,53	115,53	116,53	117,53	118,53	119,53